id,name,lang,new stars
23096959,golang/go,Go,1433
20580498,kubernetes/kubernetes,Go,1083
20904437,gin-gonic/gin,Go,899
48378947,fatedier/frp,Go,1172
41912791,v2ray/v2ray-core,Go,1610
41986369,pingcap/tidb,Go,427
112567264,iikira/BaiduPCS-Go,Go,1290
8989842,unknwon/the-way-to-go_ZH_CN,Go,417
134017286,jesseduffield/lazygit,Go,911
136815833,Dreamacro/clash,Go,1035
125642885,talk-go/night,Go,463
32575637,ginuerzh/gost,Go,297
67938435,erroneousboat/slack-term,Go,220
54453471,appleboy/gorush,Go,236
120156076,cloudreve/Cloudreve,Go,755
62712899,AdguardTeam/AdGuardHome,Go,360
134012064,pion/webrtc,Go,287
201658460,geektutu/7days-golang,Go,1976
26661222,tinode/chat,Go,253
53737001,senghoo/golang-design-pattern,Go,405
121746465,eddycjy/go-gin-example,Go,176
1380117,getlantern/lantern,Go,839
237805954,Shpota/goxygen,Go,797
180155078,micro-in-cn/tutorials,Go,134
205679232,piexlmax/gin-vue-admin,Go,307
